|                ra|                dec|
|            double|             double|
|                  |                   |
|              null|               null|
          52.110964           -2.042556 
           3.471031            3.389028 
           3.895387           17.590239 
           4.030117           21.979837 
           9.355856           27.209589 
            10.3451  2.6679199999999996 
          10.661473           12.513245 
          33.533339          -15.613295 
          14.634073           17.801178 
          24.873195            9.010906 
            28.8779            9.011723 
          29.150439           22.869123 
          33.227775            6.862581 
          43.257887           -1.669906 
          52.895373            5.412787 
          67.961184            8.270728 
          70.986948           11.760406 
          99.705237           82.851228 
         111.867539  49.116288999999995 
         120.460128             24.6009 
         107.096289           77.623406 
         117.308706           31.328087 
         127.436362           61.493006 
         128.828042           62.064314 
 154.25955000000002           81.048764 
          132.82205           62.976712 
         139.692639           62.496967 
         143.290956           15.143325 
         144.088334           37.828853 
          144.86945           22.661587 
         145.503717           16.932306 
           145.7808           31.199828 
 149.93742799999998  20.954466999999998 
         150.888964           22.150459 
          150.91472           16.750331 
         170.261864             22.0321 
          153.86302           25.662203 
         154.747192           21.236992 
         162.005081           12.534948 
         155.519045            24.44112 
         157.006284  33.635850000000005 
         157.614331           22.738103 
         160.201848           21.891209 
         160.670003  17.461253000000003 
         162.898862           15.227423 
         163.909689           14.927428 
         166.962556           35.037362 
         171.453225  0.3611639999999987 
 200.60848399999998  3.6762369999999995 
         181.676206            5.848806 
 163.68884200000002  -5.859513000000001 
         172.824937           10.223714 
         172.895448            4.264323 
         149.546998           -1.346575 
         173.105667              5.3825 
         177.382078           16.121484 
         178.382875           63.066495 
         179.092006           67.076764 
         181.514306           81.954284 
         185.816642           16.470814 
         187.406573           61.299989 
         187.620025           20.716934 
         191.199689   7.273877000000001 
         188.288617           43.235292 
         189.349539            5.441498 
          190.59262           34.346248 
 171.38947000000002   81.53255300000001 
         190.546103           16.148625 
         193.443425           27.352428 
         193.497128           62.283673 
         197.068714           18.780217 
         202.655623           15.072139 
         202.725725            2.502159 
         203.007289           12.172034 
         206.373153           27.736737 
 210.29536199999998 -22.061504999999997 
         208.776275           11.196214 
         212.658481           26.009295 
 228.47180899999998            9.327517 
         212.988631           12.563828 
         201.150228  31.479036999999998 
         216.346342           32.898712 
          221.50382           32.212617 
          222.44815           62.578462 
         226.116437           62.390059 
         228.030978           51.110023 
         245.468959           71.848331 
         232.422612           22.971723 
         234.630975           43.034712 
         235.269937            9.015137 
         237.229462           62.414553 
         242.438298           38.580195 
         242.505006           61.519787 
         246.001339           61.350075 
         248.608259           34.073459 
         260.145242            44.00315 
         261.435853           73.902706 
         277.742217           40.900045 
         283.374209            77.91682 
