|             ra|            dec|
|         double|         double|
|               |               |
|           null|           null|
  33.53356207737 -15.61277492142 
  28.87712235708   9.01058433275 
  43.25586184711  -1.67112195015 
 117.30748167451  31.32893021114 
 149.93562765804  20.95368211445 
 170.26106566416  22.02999829925 
   160.670715677  17.46177088994 
 163.68930958735  -5.86141955341 
 228.46969378699   9.32590495397 
 222.45049413733  62.57705532535 
   245.471067538  71.84862051223 
 277.74218649957   40.8999679885 
