|                ra|               dec|
|            double|            double|
|                  |                  |
|              null|              null|
        52.11024254        -2.04236789 
         3.47121035         3.38886984 
         3.89475485        17.59053852 
         9.35540047        27.20972713 
        10.34550753         2.66746649 
        10.66071088        12.51321091 
   33.5335566606118 -15.61276048966356 
         43.2579154        -1.66988811 
        52.89479371         5.41285031 
       120.45992144        24.60075151 
       107.09263542        77.62348142 
       127.43763444        61.49290514 
       132.82283403        62.97728054 
       144.08779159        37.82830012 
       144.86870866        22.66160731 
       153.86294844        25.66198431 
       154.74719094        21.23679222 
 162.00544724128508 12.534768741308213 
       162.89890039        15.22721469 
        172.8255489        10.22351794 
        177.3818008        16.12175299 
       179.09119229        67.07624754 
       187.40599064        61.29975666 
       187.62053676        20.71692006 
       189.34915847         5.44200949 
       190.59301656        34.34662811 
       197.06901328        18.78016062 
       201.15048368        31.47870147 
       226.11526781        62.39003249 
 245.47107723964083  71.84862318254271 
       232.42297814        22.97107472 
       242.43832051        38.58037693 
       260.14578215        44.00302509 
 277.74218931677063 40.899972679055146 
